 100   34   81   11   80    2    8   10   66   88 
  51    6   96   44   41   92   33   -1   88   50 
  79  100   47   65   67   92   92   30    9    9 
  29   55   99   17    0   63   14   98   46   93 
  21   -1   97   71   65   77    4   -1   51   94 
  -1   10    7   16    5   84   69   37   75   35 
  18   22  102   90   70   65   95   72   40    9 
  12   69   73   81   -1  100   -1   98   76   65 
  -1  100   61   25   92   32   26   89   56   68 
  -1   78    3   45   86   -1   19   76   35   91 
  97   49   23 
