  32   31   14   56   80   57   24   74    4   63 
  47   97   10    0   17   15   16    2   26   65 
  92   13   96   78    6   71   66   91   38    5 
  30   58   21   88   52    7   61   77   46   39 
  40   64   41   28   29   33   43   12   59   49 
  82   68   34   54   53   20    9   44   60   99 
   1   89   42    3   62   86   75   67   51   72 
  36   25   69   73   79   18  100   37   23   35 
  81    8  101   98   84   45   19   95   85   70 
  90   27   55   11   50   22   87   93   83   48 
  76   94 
